[0.01, [10], 0.6570969202873495, 0.8230216740495161, [50.909850120544434, 79.9409749507904, 65.52719330787659, 60.47114562988281, 74.10181331634521]]
[0.01, [10, 20], 0.6420212184440426, 0.8385321081236561, [193.24699091911316, 198.29650712013245, 117.51924180984497, 149.1507637500763, 185.79658555984497]]
[0.01, [10, 10, 10], 0.6373713802837914, 0.8607641116758047, [268.2749514579773, 355.3398766517639, 233.5362513065338, 221.51186108589172, 188.45869517326355]]
[0.1, [10], 1.0223361632427301, 0.816733943744053, [72.7457013130188, 111.15463304519653, 92.46937036514282, 81.6068103313446, 100.93122005462646]]
[0.1, [10, 20], 1.1404965766944826, 0.8578274114408819, [149.11018133163452, 203.72537064552307, 193.1789309978485, 302.4960527420044, 279.4859836101532]]
[0.1, [10, 10, 10], 1.952424572983032, 0.6515005450963378, [3.2730960845947266, 3.2233986854553223, 3.426145076751709, 3.245335340499878, 3.036314010620117]]
[1, [10], 1.9524245759789856, 0.6515445076927284, [2.7443888187408447, 2.513808250427246, 3.0979695320129395, 2.3143327236175537, 2.647110939025879]]
[1, [10, 20], 1.9524245728270986, 0.6515538915332544, [3.31191349029541, 3.478074550628662, 3.5391643047332764, 3.369821071624756, 3.6488213539123535]]
[1, [10, 10, 10], 1.9524245741855033, 0.6515193155817367, [3.08821177482605, 2.7993500232696533, 2.6105926036834717, 3.0394370555877686, 2.689387083053589]]
[0.01, [20, 50], 0.629538026514721, 0.8316187170555625, [641.0981941223145, 358.5695924758911, 244.70074081420898, 276.1719672679901, 247.64038968086243]]
[0.1, [20, 50], 1.1453639419638997, 0.8540193704005018, [379.27304792404175, 338.2426106929779, 269.4614143371582, 250.71804070472717, 406.73232984542847]]
[0.5, [20, 50], 1.9524245751480642, 0.6515244525102347, [4.9178526401519775, 5.205477714538574, 5.213994741439819, 5.039706230163574, 4.81034255027771]]
[1, [20, 50], 1.9524245749275695, 0.6515042608238555, [6.60996413230896, 6.062260389328003, 6.3272178173065186, 6.416824579238892, 6.878847122192383]]
[0.5, [10], 1.715209811128866, 0.7962036311289191, [37.29703736305237, 36.529847145080566, 21.81335711479187, 32.762434005737305, 32.15529441833496]]
[0.5, [10, 20], 1.9524245759019716, 0.6515347666350574, [2.8319530487060547, 2.7747864723205566, 2.8444056510925293, 2.8760969638824463, 2.7435269355773926]]
[0.5, [10, 10, 10], 1.9524245764083272, 0.6515104846971139, [2.4135444164276123, 2.4120919704437256, 2.967197895050049, 2.7055397033691406, 2.480353593826294]]
